00 00 00 00 00 00 00 00 00 00 00 99 12
01 01 01 01 01 01 01 01 01 01 01 99 12
02 02 02 02 02 02 02 02 02 02 02 99 12
03 03 03 03 03 03 03 03 03 03 03 99 12
04 04 04 04 04 04 04 04 04 04 04 99 12
05 05 05 05 05 05 05 05 05 05 05 99 12
06 06 06 06 06 06 06 06 06 06 06 99 12
07 07 07 07 07 07 07 07 07 07 07 99 12
08 08 08 08 08 08 08 08 08 08 08 99 12
09 09 09 09 09 09 09 09 09 09 09 99 12
00 00 00 00 00 00 00 00 00 00 00 99 12
01 01 01 01 01 01 01 01 01 01 01 99 12
02 02 02 02 02 02 02 02 02 02 02 99 12 
03 03 03 03 03 03 03 03 03 03 03 99 12
04 04 04 04 04 04 04 04 04 04 04 99 12
05 05 05 05 05 05 05 05 05 05 05 99 12
06 06 06 06 06 06 06 06 06 06 06 99 12
07 07 07 07 07 07 07 07 07 07 07 99 12
99 99 99 99 99 99 99 99 99 99 99 99 12
12 12 12 12 12 12 12 12 12 12 12 12 12

